0 0.667390625 0.4453125 0.09393750000000001 0.07036931818181813
0 0.24278125 0.8592045454545455 0.20140624999999995 0.231278409090909
0 0.41581250000000003 0.2976420454545454 0.12126562500000002 0.06113636363636366
0 0.7556875 0.5600568181818182 0.1026250000000001 0.09244318181818188
0 0.293546875 0.38963068181818183 0.20807812499999995 0.09539772727272723
0 0.49609375 0.2471306818181818 0.05414062499999996 0.024914772727272758
0 0.11251562500000001 0.6421875 0.08957812500000001 0.13008522727272734
0 0.601359375 0.2609090909090909 0.08040625000000005 0.055312499999999994
0 0.8772187499999999 0.5300568181818183 0.11570312499999993 0.09718749999999994
0 0.711546875 0.3580965909090909 0.07873437499999998 0.06130681818181822
0 0.48089062499999996 0.45303977272727275 0.09442187499999992 0.06579545454545462