0 0.6645 0.44477272727272726 0.09295312500000001 0.060909090909090906
0 0.297953125 0.3925 0.22214062499999992 0.1039488636363636
0 0.41659375 0.3026988636363636 0.12779687499999998 0.06684659090909091
0 0.23428125 0.8834943181818182 0.21395312500000002 0.22170454545454535
0 0.8895937500000001 0.5427272727272727 0.12184375000000003 0.09485795454545451
0 0.75978125 0.5755113636363637 0.10279687499999994 0.09786931818181815
0 0.71303125 0.3626420454545455 0.08214062500000008 0.05090909090909095
0 0.494765625 0.24710227272727273 0.05918749999999999 0.025710227272727305
0 0.09853125 0.6526704545454546 0.09943749999999998 0.13906249999999998
0 0.6009375 0.26315340909090906 0.08287499999999995 0.0508238636363636
0 0.47925000000000006 0.46053977272727276 0.09442187499999992 0.06877840909090903