0 0.40942187499999994 0.31261363636363637 0.13167187499999997 0.06451704545454548
0 0.28576562499999997 0.41457386363636367 0.24068749999999994 0.11772727272727272
0 0.6750625 0.46795454545454546 0.09496874999999996 0.07414772727272734
0 0.21168749999999997 0.9274147727272727 0.2310625 0.1451704545454546
0 0.775296875 0.6136647727272727 0.11195312499999996 0.09883522727272732
0 0.71903125 0.37747159090909094 0.07267187499999998 0.0527556818181818
0 0.906421875 0.5745738636363636 0.12581249999999997 0.10400568181818186
0 0.48920312499999996 0.2567897727272727 0.06050000000000004 0.025454545454545476
0 0.52853125 0.22630681818181816 0.0654375 0.021846590909090902
0 0.06975 0.7094886363636363 0.11260937499999998 0.16298295454545456
0 0.601359375 0.2669034090909091 0.08698437499999993 0.04934659090909092
0 0.47595312500000003 0.47696022727272724 0.09112500000000008 0.06877840909090903