0 0.6719062499999999 0.4734375 0.10007812499999993 0.07877840909090915
0 0.40721875 0.31605113636363635 0.13249999999999998 0.06482954545454543
0 0.282703125 0.4186363636363637 0.25348437500000004 0.11573863636363639
0 0.786546875 0.6205397727272728 0.12096875000000003 0.10590909090909083
0 0.21393749999999997 0.9406818181818182 0.19248437499999999 0.11863636363636361
0 0.48809375 0.2567329545454546 0.06170312500000001 0.02670454545454547
0 0.52665625 0.22693181818181818 0.0633750000000001 0.02130681818181818
0 0.9184218749999999 0.5824431818181819 0.12965625000000003 0.09573863636363633
0 0.722296875 0.37903409090909085 0.08373437500000006 0.056590909090909136
0 0.061124999999999985 0.7363920454545454 0.113421875 0.1719602272727272
0 0.600125 0.26914772727272723 0.08617187499999997 0.05082386363636368
0 0.469796875 0.49417613636363633 0.09031249999999993 0.07624999999999993