0 0.80196875 0.6482386363636364 0.13298437499999993 0.11678977272727277
0 0.27265625 0.43201704545454545 0.256296875 0.12295454545454537
0 0.683171875 0.4855397727272727 0.10451562499999997 0.07178977272727267
0 0.4065625 0.32627840909090905 0.13920312500000004 0.07207386363636364
0 0.489796875 0.2607670454545455 0.057375000000000044 0.028011363636363595
0 0.526015625 0.2296306818181818 0.06585937499999997 0.019943181818181846
0 0.05237499999999999 0.7752556818181818 0.104734375 0.18090909090909085
0 0.72715625 0.3880113636363637 0.08037500000000009 0.04934659090909092
0 0.6009375 0.26988636363636365 0.08287499999999995 0.043352272727272705
0 0.9372343750000001 0.6003409090909091 0.12553124999999987 0.10616477272727275
0 0.47925000000000006 0.5113636363636364 0.10593749999999993 0.08372159090909098