0 0.8277812499999999 0.6895738636363635 0.13571874999999994 0.14093749999999997
0 0.24889062499999998 0.45065340909090906 0.20054687499999996 0.1282670454545454
0 0.7049531250000001 0.5125568181818182 0.10796875000000003 0.08715909090909092
0 0.40942187499999994 0.34107954545454544 0.14154687500000004 0.0742897727272727
0 0.746765625 0.4044318181818182 0.09285937499999992 0.05403409090909086
0 0.631234375 0.35173295454545456 0.06610937499999991 0.046875
0 0.9508749999999999 0.633125 0.09507812499999986 0.11502840909090911
0 0.49078125000000006 0.2707386363636364 0.06910937500000003 0.03161931818181817
0 0.046609374999999995 0.8193750000000001 0.09321874999999999 0.19139204545454547
0 0.6136874999999999 0.2855965909090909 0.09192187500000007 0.0508238636363636
0 0.47884374999999996 0.5367897727272727 0.09689062499999998 0.08971590909090904