0 0.264140625 0.4670738636363636 0.22387499999999996 0.12389204545454549
0 0.852703125 0.740625 0.131265625 0.09403409090909097
0 0.7186250000000001 0.52875 0.11792187500000004 0.08707386363636357
0 0.41312499999999996 0.3492613636363636 0.138453125 0.07968750000000004
0 0.7551875 0.41857954545454545 0.09228125000000009 0.05823863636363636
0 0.957984375 0.6553693181818182 0.08401562499999997 0.12914772727272722
0 0.5005468750000001 0.28167613636363636 0.06225000000000005 0.03082386363636362
0 0.49809374999999995 0.1958522727272727 0.047531249999999935 0.020909090909090947
0 0.04456249999999999 0.8373295454545455 0.089109375 0.19139204545454547
0 0.61821875 0.29230113636363636 0.09767187499999999 0.055312499999999994
0 0.48746875 0.5502272727272728 0.10757812500000004 0.11363636363636363