0 0.870078125 0.7592045454545455 0.12714062500000017 0.08752840909090902
0 0.243984375 0.47326704545454545 0.18837500000000001 0.13017045454545453
0 0.412921875 0.3558522727272727 0.15143749999999997 0.07687499999999997
0 0.7171406250000001 0.5490909090909091 0.12143750000000005 0.10497159090909088
0 0.764828125 0.42676136363636363 0.09546874999999995 0.06079545454545448
0 0.507921875 0.2814488636363636 0.06454687500000009 0.028551136363636397
0 0.547078125 0.25170454545454546 0.07421875 0.020426136363636358
0 0.9661406250000001 0.6680681818181818 0.06490624999999994 0.13269886363636357
0 0.04209375 0.8545170454545455 0.084171875 0.17792613636363636
0 0.62190625 0.29531250000000003 0.09356249999999999 0.05232954545454542
0 0.48829687499999996 0.5636931818181817 0.09934375000000006 0.10167613636363643