0 0.88053125 0.7835795454545454 0.12620312499999997 0.09812499999999989
0 0.416078125 0.35823863636363634 0.14915625000000002 0.07914772727272731
0 0.24371874999999998 0.4796875 0.21206249999999996 0.13781249999999998
0 0.721609375 0.5531818181818182 0.10985937500000009 0.09531250000000004
0 0.50890625 0.2829829545454545 0.06603124999999999 0.03173295454545451
0 0.547703125 0.2531818181818182 0.07367187499999997 0.022187500000000006
0 0.9698437500000001 0.6744602272727273 0.058218749999999986 0.10892045454545447
0 0.035515624999999995 0.8642329545454545 0.071015625 0.16147727272727283
0 0.7723906249999999 0.4373579545454545 0.08859374999999999 0.06727272727272729
0 0.63753125 0.3035227272727273 0.11329687499999999 0.0598011363636364
0 0.49034374999999997 0.5734090909090909 0.10345312500000006 0.10318181818181817