0 0.7995625000000001 0.7938352272727273 0.17690625000000004 0.1702272727272727
0 0.17640625000000001 0.6138068181818181 0.34643749999999995 0.25633522727272734
0 0.4345 0.8245454545454546 0.22675 0.2532386363636363
0 0.481328125 0.30767045454545455 0.06657812500000002 0.04056818181818182
0 0.3803437499999999 0.40713068181818185 0.18707812499999998 0.12215909090909091
0 0.44865625 0.23909090909090908 0.06125000000000007 0.025340909090909056
0 0.52878125 0.2623579545454545 0.07473437500000006 0.022926136363636343
0 0.652765625 0.4509659090909091 0.09207812499999993 0.0664488636363636
0 0.479140625 0.19505681818181816 0.06653125000000007 0.027045454545454553
0 0.38059374999999995 0.1993465909090909 0.050968749999999965 0.02980113636363639
0 0.630140625 0.3349147727272727 0.11329687499999999 0.08073863636363633
0 0.8529687499999999 0.5801420454545455 0.12804687500000006 0.12559659090909084
0 0.3185 0.2519318181818182 0.09878124999999996 0.061306818181818136