0 0.17790625 0.6285511363636364 0.35128125 0.27639204545454543
0 0.8103281250000001 0.8266477272727273 0.1924687500000001 0.18241477272727283
0 0.367 0.41485795454545454 0.21075 0.11897727272727271
0 0.439484375 0.8569602272727272 0.23154687500000004 0.26062500000000005
0 0.47635937500000003 0.31332386363636366 0.08362499999999998 0.04113636363636361
0 0.531171875 0.27576704545454545 0.085546875 0.02156250000000001
0 0.483109375 0.20224431818181818 0.06293749999999995 0.029232954545454524
0 0.31521875 0.2549431818181818 0.10042187499999997 0.05232954545454542
0 0.6334375 0.34315340909090913 0.11693750000000006 0.07625000000000001
0 0.8591562500000001 0.598096590909091 0.1326249999999999 0.13159090909090906
0 0.663859375 0.4597727272727273 0.08734374999999997 0.11213068181818174