0 0.358921875 0.4484659090909091 0.222171875 0.13707386363636365
0 0.90209375 0.6832670454545454 0.1756718750000001 0.17571022727272734
0 0.48131250000000003 0.3372727272727273 0.07614062500000003 0.05042613636363636
0 0.8595937499999999 0.9332670454545454 0.2337968749999999 0.13346590909090914
0 0.166796875 0.7151704545454546 0.32675 0.34053977272727276
0 0.43984375 0.9190340909090909 0.2609375 0.16193181818181818
0 0.5461406249999999 0.2905397727272727 0.10070312500000007 0.027045454545454574
0 0.672953125 0.5155681818181818 0.08890624999999996 0.10539772727272734
0 0.44128125 0.2559090909090909 0.06634375000000006 0.028295454545454568
0 0.646578125 0.37082386363636366 0.13137500000000008 0.0956818181818182
0 0.309453125 0.26539772727272726 0.09878125000000004 0.06727272727272729
0 0.598484375 0.25642045454545453 0.075 0.03738636363636363