0 0.34315625 0.47457386363636367 0.22964062500000004 0.1578409090909091
0 0.91909375 0.7367045454545454 0.1534062500000001 0.14099431818181818
0 0.5403125 0.29678977272727275 0.09876562500000005 0.02750000000000002
0 0.4774375 0.34769886363636365 0.08023437500000004 0.050539772727272704
0 0.69025 0.5602272727272727 0.08842187500000005 0.1210511363636364
0 0.1453125 0.7717329545454544 0.290625 0.4565056818181819
0 0.299140625 0.2619318181818182 0.10531249999999996 0.06687499999999998
0 0.43695312499999994 0.25650568181818184 0.06909375000000004 0.028380681818181843
0 0.65028125 0.38201704545454546 0.13056250000000008 0.10017045454545452
0 0.6021875 0.26613636363636367 0.07582812499999995 0.03289772727272731
0 0.48624999999999996 0.20335227272727271 0.07907812500000003 0.03289772727272731