0 0.928125 0.7556818181818182 0.14375 0.14772727272727273
0 0.47935937500000003 0.3541193181818182 0.08068749999999998 0.053920454545454556
0 0.343296875 0.48000000000000004 0.25384375 0.17477272727272722
0 0.13868750000000002 0.7777272727272727 0.273 0.4330113636363635
0 0.547640625 0.2996306818181818 0.10332812499999999 0.024176136363636337
0 0.6956562500000001 0.5807386363636363 0.09774999999999992 0.13360795454545463
0 0.47992187499999994 0.2094318181818182 0.07624999999999993 0.031022727272727237
0 0.44096875 0.26048295454545456 0.06403125000000003 0.027528409090909086
0 0.6605624999999999 0.39923295454545454 0.14617187499999992 0.11363636363636363
0 0.60340625 0.26988636363636365 0.08287499999999995 0.04636363636363634
0 0.2893125 0.2609090909090909 0.11768749999999999 0.07625000000000001