0 0.326484375 0.5226988636363636 0.2569687500000001 0.20551136363636371
0 0.612375 0.2820170454545454 0.08459374999999998 0.03786931818181822
0 0.47954687500000004 0.3712784090909091 0.08709375000000001 0.0666761363636364
0 0.549015625 0.31528409090909093 0.10264062500000008 0.03289772727272731
0 0.716234375 0.6311363636363636 0.10678125000000005 0.15596590909090902
0 0.778625 0.5267045454545455 0.06471874999999994 0.03937500000000004
0 0.95 0.8522727272727273 0.1 0.19318181818181818
0 0.08125 0.8167613636363636 0.1625 0.3664772727272727
0 0.6599062499999999 0.39835227272727275 0.15789062499999992 0.10607954545454543
0 0.483 0.2147159090909091 0.08493750000000003 0.03855113636363634
0 0.27984375 0.26914772727272723 0.13146874999999997 0.09269886363636362