0 0.44418749999999996 0.3927840909090909 0.095703125 0.042528409090909165
0 0.592984375 0.47880681818181814 0.13751562499999997 0.05221590909090908
0 0.214453125 0.8626136363636363 0.42890625 0.2747443181818182
0 0.4918125 0.5930113636363636 0.13515625 0.13818181818181816
0 0.23478125 0.4120170454545455 0.19103124999999999 0.14028409090909089
0 0.6839375000000001 0.41 0.13178125000000004 0.07838068181818175
0 0.5010625 0.3019886363636364 0.09568750000000001 0.047159090909090894
0 0.45515625000000004 0.23110795454545452 0.04829687499999995 0.017187500000000033
0 0.69403125 0.5707386363636364 0.045937499999999964 0.02369318181818175
0 0.79375 0.7319034090909091 0.28921874999999997 0.28559659090909084
0 0.369890625 0.29829545454545453 0.06014062500000002 0.0523295454545455