0 0.590046875 0.4895738636363637 0.13764062500000004 0.04593750000000005
0 0.4378125 0.4050852272727273 0.09520312499999997 0.04698863636363642
0 0.20671875 0.876278409090909 0.385734375 0.24741477272727283
0 0.16953125 0.4483522727272727 0.07175000000000002 0.06849431818181823
0 0.49084374999999997 0.6107386363636363 0.13196875000000005 0.13747159090909086
0 0.681015625 0.41460227272727274 0.13553125000000002 0.08269886363636368
0 0.3599375 0.31238636363636363 0.07579687499999999 0.042386363636363604
0 0.2528125 0.4036079545454545 0.12765624999999997 0.09272727272727269
0 0.51209375 0.308125 0.09939062500000002 0.03454545454545454
0 0.423015625 0.26346590909090906 0.09323437499999998 0.04093749999999999
0 0.8040312500000001 0.7618181818181818 0.2982656250000001 0.3334375