0 0.44839062500000004 0.39426136363636366 0.09685937500000001 0.048607954545454586
0 0.507640625 0.6175284090909091 0.15276562499999996 0.15687500000000007
0 0.21328125 0.8849431818181818 0.3421875 0.23011363636363635
0 0.7091875 0.40463068181818185 0.13578124999999996 0.07374999999999994
0 0.244171875 0.41480113636363636 0.1751875 0.13980113636363634
0 0.169140625 0.4467613636363636 0.081640625 0.06957386363636366
0 0.61075 0.48732954545454543 0.15639062500000006 0.06011363636363643
0 0.366890625 0.2934090909090909 0.07601562499999996 0.05525568181818179
0 0.525125 0.28852272727272726 0.10290625000000002 0.04164772727272726
0 0.432609375 0.24755681818181818 0.09932812500000003 0.03676136363636363
0 0.5040625000000001 0.3046306818181818 0.08539062499999997 0.05434659090909089
0 0.8270625 0.7580681818181817 0.31799999999999995 0.3678125000000001