0 0.205109375 0.88625 0.37521875 0.22750000000000012
0 0.51484375 0.6067329545454545 0.14878125000000003 0.16417613636363643
0 0.373625 0.26701704545454547 0.06585937499999997 0.05113636363636364
0 0.607375 0.45417613636363635 0.14734374999999994 0.04227272727272726
0 0.52240625 0.2581818181818182 0.10284375000000008 0.044914772727272734
0 0.71409375 0.37792613636363637 0.12954687499999995 0.0805113636363636
0 0.45009375 0.37130681818181815 0.09639062499999991 0.05284090909090911
0 0.167734375 0.43414772727272727 0.076921875 0.08159090909090917
0 0.7289218749999999 0.5621022727272728 0.05129687500000006 0.02676136363636368
0 0.845125 0.7655397727272728 0.309734375 0.3767897727272727
0 0.25765625000000003 0.3723011363636364 0.12671874999999996 0.07477272727272725