0 0.206953125 0.8910511363636363 0.34357812499999996 0.2178977272727274
0 0.718765625 0.35255681818181817 0.131453125 0.08448863636363639
0 0.364671875 0.24704545454545454 0.07312499999999997 0.062386363636363656
0 0.15739062499999998 0.4125 0.08748437499999999 0.08482954545454549
0 0.513953125 0.5995454545454545 0.1534062499999999 0.1846590909090909
0 0.4329375 0.19397727272727272 0.11039062499999996 0.04116477272727273
0 0.4488125 0.34980113636363636 0.09853124999999996 0.04596590909090911
0 0.612671875 0.4375568181818182 0.16106250000000005 0.04448863636363643
0 0.24351562499999999 0.3673011363636363 0.15837500000000002 0.12255681818181814
0 0.5266093749999999 0.23173295454545453 0.10721875 0.04178977272727275
0 0.840609375 0.7558238636363637 0.31878124999999996 0.3842613636363636