0 0.7188125000000001 0.3475852272727273 0.1386875 0.08960227272727274
0 0.50875 0.6222727272727272 0.17109375 0.19417613636363626
0 0.624046875 0.45454545454545453 0.17562499999999998 0.0645738636363637
0 0.15912500000000002 0.91875 0.29321875000000003 0.16247159090909105
0 0.43825000000000003 0.3455397727272727 0.09906249999999997 0.050397727272727295
0 0.232875 0.34690340909090905 0.13846875 0.0814772727272727
0 0.51046875 0.23116477272727273 0.1220625 0.06113636363636366
0 0.409484375 0.17821022727272726 0.10696875000000002 0.04517045454545454
0 0.3535625 0.23582386363636365 0.07210937499999996 0.05292613636363635
0 0.12690625 0.4291193181818182 0.082171875 0.09269886363636362
0 0.8508906250000001 0.7885795454545454 0.2982187499999999 0.42284090909090916