0 0.02734375 0.6164772727272727 0.0546875 0.07386363636363637
0 0.45295312499999996 0.2533806818181818 0.05915625000000002 0.028607954545454527
0 0.39449999999999996 0.6370170454545454 0.16628125000000002 0.13196022727272724
0 0.533796875 0.36963068181818187 0.13965624999999998 0.06519886363636361
0 0.836921875 0.6810795454545455 0.2587812500000001 0.207840909090909
0 0.32014062499999996 0.40593749999999995 0.08048437499999998 0.05531250000000008
0 0.3185 0.35585227272727277 0.07225000000000001 0.0478409090909091
0 0.41840625 0.31400568181818184 0.09278125 0.038863636363636385
0 0.55325 0.2609090909090909 0.04835937500000007 0.04636363636363634
0 0.662609375 0.2915625 0.06642187499999999 0.0508238636363636
0 0.73496875 0.2713920454545455 0.06146875000000005 0.06428977272727271