0 0.5882031249999999 0.30008522727272724 0.06528124999999996 0.025965909090909053
0 0.6021875 0.3397159090909091 0.042671874999999915 0.022727272727272728
0 0.657703125 0.36332386363636365 0.04501562499999991 0.02991477272727273
0 0.313609375 0.3812784090909091 0.23034375 0.1226136363636364
0 0.5620625 0.4128977272727273 0.08273437500000007 0.05181818181818185
0 0.59825 0.4834090909090909 0.07821874999999992 0.0726704545454545
0 0.48053125 0.7983238636363637 0.24378124999999998 0.24201704545454553
0 0.55040625 0.1756818181818182 0.057375000000000044 0.025426136363636352
0 0.521203125 0.20707386363636363 0.07629687500000007 0.02241477272727269
0 0.543828125 0.25642045454545453 0.07053124999999998 0.031392045454545485
0 0.399515625 0.26017045454545457 0.05001562499999999 0.02093750000000001