0 0.579078125 0.3227272727272727 0.06684374999999995 0.03352272727272731
0 0.594046875 0.3678977272727273 0.05106249999999992 0.024971590909090926
0 0.656875 0.3932386363636363 0.04995312500000004 0.04784090909090902
0 0.265921875 0.4179261363636364 0.264859375 0.16894886363636366
0 0.54784375 0.4675852272727273 0.1069218750000001 0.06204545454545447
0 0.572984375 0.5647443181818181 0.08153124999999992 0.10088068181818179
0 0.37065625 0.9259375 0.24842187500000007 0.14812499999999995
0 0.5473125 0.17053977272727272 0.07025000000000006 0.024744318181818204
0 0.51715625 0.2058806818181818 0.08089062499999997 0.027215909090909127
0 0.546734375 0.2619602272727273 0.07423437499999999 0.035085227272727254
0 0.3775 0.26676136363636366 0.05971874999999995 0.03093749999999996