0 0.051682692307692304 0.038461538461538464 0.040865384615384616 0.014423076923076924
0 0.02403846153846154 0.07752403846153846 0.04807692307692308 0.030048076923076924
0 0.1141826923076923 0.057692307692307696 0.07451923076923077 0.03365384615384615
0 0.13822115384615385 0.006009615384615385 0.04567307692307692 0.01201923076923077
0 0.09795673076923077 0.024639423076923076 0.037259615384615384 0.015625
0 0.07211538461538461 0.006009615384615385 0.04807692307692308 0.01201923076923077
0 0.03064903846153846 0.0018028846153846155 0.03245192307692308 0.003605769230769231
0 0.010216346153846154 0.009615384615384616 0.020432692307692308 0.014423076923076924
0 0.4813701923076923 0.3996394230769231 0.1310096153846154 0.09254807692307693
0 0.7548076923076923 0.2127403846153846 0.038461538461538464 0.026442307692307692
0 0.5306490384615384 0.8167067307692307 0.056490384615384616 0.046875