0 0.34615384615384615 0.5444711538461539 0.10576923076923077 0.09375
0 0.36778846153846156 0.4441105769230769 0.07692307692307693 0.06610576923076923
0 0.4765625 0.49038461538461536 0.06850961538461539 0.052884615384615384
0 0.5835336538461539 0.5144230769230769 0.07091346153846154 0.052884615384615384
0 0.5871394230769231 0.3828125 0.06850961538461539 0.06370192307692307
0 0.7169471153846154 0.39002403846153844 0.06370192307692307 0.0733173076923077
0 0.48197115384615385 0.6724759615384616 0.15625 0.14302884615384615
0 0.5168269230769231 0.84375 0.10576923076923077 0.13942307692307693
0 0.9014423076923077 0.125 0.16346153846153846 0.09615384615384616
0 0.5066105769230769 0.19411057692307693 0.109375 0.056490384615384616
0 0.34915865384615385 0.2860576923076923 0.06850961538461539 0.04326923076923077
0 0.2704326923076923 0.21394230769230768 0.06490384615384616 0.052884615384615384
0 0.21334134615384615 0.2668269230769231 0.056490384615384616 0.052884615384615384
0 0.1328125 0.3010817307692308 0.09735576923076923 0.06370192307692307
0 0.23317307692307693 0.3840144230769231 0.09615384615384616 0.08052884615384616
0 0.3449519230769231 0.3317307692307692 0.055288461538461536 0.04326923076923077
0 0.7506009615384616 0.24519230769230768 0.05889423076923077 0.04326923076923077