0 0.5649038461538461 0.8082932692307693 0.22115384615384615 0.18389423076923078
0 0.5618990384615384 0.5012019230769231 0.1814903846153846 0.09375
0 0.6418269230769231 0.4020432692307692 0.14423076923076922 0.06370192307692307
0 0.6496394230769231 0.32992788461538464 0.10216346153846154 0.039663461538461536
0 0.5414663461538461 0.3719951923076923 0.12620192307692307 0.056490384615384616
0 0.39603365384615385 0.4254807692307692 0.09975961538461539 0.04326923076923077
0 0.3942307692307692 0.3840144230769231 0.08173076923076923 0.037259615384615384
0 0.46814903846153844 0.3311298076923077 0.051682692307692304 0.02283653846153846
0 0.5877403846153846 0.3016826923076923 0.07451923076923077 0.026442307692307692
0 0.5540865384615384 0.2776442307692308 0.07932692307692307 0.026442307692307692
0 0.10516826923076923 0.7542067307692307 0.09975961538461539 0.09014423076923077
0 0.6063701923076923 0.23737980769230768 0.054086538461538464 0.02283653846153846
0 0.35216346153846156 0.34615384615384615 0.07932692307692307 0.03365384615384615