0 0.7944711538461539 0.4807692307692308 0.06009615384615385 0.052884615384615384
0 0.6201923076923077 0.35396634615384615 0.25 0.0733173076923077
0 0.12319711538461539 0.6280048076923077 0.23677884615384615 0.28966346153846156
0 0.05048076923076923 0.8912259615384616 0.10096153846153846 0.21033653846153846
0 0.5582932692307693 0.8449519230769231 0.3713942307692308 0.2668269230769231
0 0.7578125 0.6905048076923077 0.078125 0.0733173076923077
0 0.5240384615384616 0.5378605769230769 0.12980769230769232 0.08052884615384616
0 0.3858173076923077 0.6231971153846154 0.06009615384615385 0.039663461538461536
0 0.33774038461538464 0.41586538461538464 0.06009615384615385 0.04326923076923077
0 0.7025240384615384 0.4465144230769231 0.11177884615384616 0.06610576923076923
0 0.7181490384615384 0.5240384615384616 0.046875 0.03365384615384615
0 0.8359375 0.6123798076923077 0.056490384615384616 0.056490384615384616
0 0.7992788461538461 0.7776442307692307 0.06009615384615385 0.06009615384615385
0 0.3828125 0.31971153846153844 0.16947115384615385 0.04326923076923077