0 0.34375 0.4597355769230769 0.08653846153846154 0.039663461538461536
0 0.3329326923076923 0.4176682692307692 0.06009615384615385 0.027644230769230768
0 0.3191105769230769 0.6219951923076923 0.06610576923076923 0.03245192307692308
0 0.2848557692307692 0.7205528846153846 0.09375 0.042067307692307696
0 0.43569711538461536 0.7992788461538461 0.2127403846153846 0.13701923076923078
0 0.8677884615384616 0.6598557692307693 0.052884615384615384 0.05048076923076923
0 0.6460336538461539 0.6923076923076923 0.056490384615384616 0.052884615384615384
0 0.5300480769230769 0.4176682692307692 0.05048076923076923 0.02283653846153846
0 0.7680288461538461 0.3840144230769231 0.1466346153846154 0.037259615384615384
0 0.9134615384615384 0.43569711538461536 0.04326923076923077 0.025240384615384616
0 0.8629807692307693 0.4609375 0.04326923076923077 0.02283653846153846
0 0.9591346153846154 0.5390625 0.07692307692307693 0.025240384615384616
0 0.9435096153846154 0.5114182692307693 0.06009615384615385 0.018028846153846152
0 0.6760817307692307 0.5763221153846154 0.06370192307692307 0.027644230769230768
0 0.7289663461538461 0.6207932692307693 0.039663461538461536 0.025240384615384616
0 0.6111778846153846 0.9387019230769231 0.11658653846153846 0.11778846153846154