0 0.42127403846153844 0.7169471153846154 0.22235576923076922 0.10697115384615384
0 0.65625 0.8461538461538461 0.12980769230769232 0.1201923076923077
0 0.5745192307692307 0.6376201923076923 0.11538461538461539 0.06370192307692307
0 0.5438701923076923 0.5685096153846154 0.09254807692307693 0.05048076923076923
0 0.4296875 0.609375 0.09495192307692307 0.05048076923076923
0 0.4176682692307692 0.5072115384615384 0.08533653846153846 0.03365384615384615
0 0.6171875 0.47896634615384615 0.1622596153846154 0.039663461538461536
0 0.7241586538461539 0.5174278846153846 0.09735576923076923 0.039663461538461536
0 0.5270432692307693 0.4338942307692308 0.08774038461538461 0.026442307692307692
0 0.078125 0.6574519230769231 0.15625 0.0889423076923077
0 0.12920673076923078 0.5817307692307693 0.09975961538461539 0.04326923076923077
0 0.17908653846153846 0.5396634615384616 0.11298076923076923 0.05048076923076923
0 0.24519230769230768 0.46814903846153844 0.0673076923076923 0.02283653846153846
0 0.3112980769230769 0.4344951923076923 0.06971153846153846 0.02283653846153846
0 0.26742788461538464 0.3948317307692308 0.10697115384615384 0.030048076923076924
0 0.3972355769230769 0.34975961538461536 0.10216346153846154 0.026442307692307692
0 0.3545673076923077 0.37319711538461536 0.06490384615384616 0.020432692307692308
0 0.5120192307692307 0.3876201923076923 0.057692307692307696 0.020432692307692308