0 0.799563 0.793835 0.176906 0.170227 1
0 0.176406 0.613807 0.346437 0.256335 2
0 0.434500 0.824545 0.226750 0.253239 1
0 0.481328 0.307670 0.066578 0.040568 0
0 0.380344 0.407131 0.187078 0.122159 1
0 0.448656 0.239091 0.061250 0.025341 0
0 0.528781 0.262358 0.074734 0.022926 0
0 0.652766 0.450966 0.092078 0.066449 0
0 0.479141 0.195057 0.066531 0.027045 0
0 0.380594 0.199347 0.050969 0.029801 0
0 0.630141 0.334915 0.113297 0.080739 0
0 0.852969 0.580142 0.128047 0.125597 0
0 0.318500 0.251932 0.098781 0.061307 0
